Modelo               total H         total O         total O/H       O/H last        ratio O         total C         total C/H       C/H last        ratio C         total N         total N/H       N/H last        ratio N        
========================================================================================================================================================================================================
pn_50K_g_M1          1.322028e+54    5.770861e+50    4.365158e-04    4.365158e-04    1.000000e+00    1.026220e+51    7.762471e-04    7.762471e-04    1.000000e+00    2.350935e+50    1.778279e-04    1.778279e-04    1.000000e+00   
pn_50K_g_M2          8.936033e+53    4.596773e+50    5.144087e-04    4.365158e-04    1.178442e+00    8.153195e+50    9.123953e-04    7.762471e-04    1.175393e+00    1.883260e+50    2.107490e-04    1.778279e-04    1.185128e+00   
pn_50K_g_M3          6.473191e+53    3.880324e+50    5.994453e-04    4.365158e-04    1.373250e+00    6.875683e+50    1.062178e-03    7.762471e-04    1.368351e+00    1.586551e+50    2.450957e-04    1.778279e-04    1.378275e+00   
pn_50K_g_M5          3.863554e+53    3.017756e+50    7.810830e-04    4.365158e-04    1.789358e+00    5.341460e+50    1.382525e-03    7.762471e-04    1.781037e+00    1.234829e+50    3.196096e-04    1.778279e-04    1.797297e+00   
pn_50K_g_M10         1.607174e+53    1.912320e+50    1.189865e-03    4.365158e-04    2.725823e+00    3.386568e+50    2.107157e-03    7.762471e-04    2.714544e+00    7.806147e+49    4.857064e-04    1.778279e-04    2.731328e+00   
pn_50K_g_M20         5.217049e+52    1.053085e+50    2.018545e-03    4.365158e-04    4.624219e+00    1.869859e+50    3.584132e-03    7.762471e-04    4.617257e+00    4.303968e+49    8.249813e-04    1.778279e-04    4.639211e+00   
pn_50K_g_M30         2.377382e+52    6.729742e+49    2.830737e-03    4.365158e-04    6.484843e+00    1.190399e+50    5.007183e-03    7.762471e-04    6.450502e+00    2.757950e+49    1.160079e-03    1.778279e-04    6.523602e+00   
pn_50K_g_M100        1.580049e+51    1.380729e+49    8.738516e-03    4.365158e-04    2.001878e+01    2.451267e+49    1.551386e-02    7.762471e-04    1.998572e+01    5.645683e+48    3.573105e-03    1.778279e-04    2.009305e+01   
pn_60K_g_M1          3.580528e+54    1.562957e+51    4.365158e-04    4.365158e-04    1.000000e+00    2.779375e+51    7.762471e-04    7.762471e-04    1.000000e+00    6.367180e+50    1.778279e-04    1.778279e-04    1.000000e+00   
pn_60K_g_M2          2.418425e+54    1.263645e+51    5.225075e-04    4.365158e-04    1.196995e+00    2.240639e+51    9.264869e-04    7.762471e-04    1.193546e+00    5.172067e+50    2.138610e-04    1.778279e-04    1.202629e+00   
pn_60K_g_M3          1.781879e+54    1.061912e+51    5.959504e-04    4.365158e-04    1.365244e+00    1.885388e+51    1.058089e-03    7.762471e-04    1.363083e+00    4.341609e+50    2.436534e-04    1.778279e-04    1.370164e+00   
pn_60K_g_M5          1.079814e+54    8.203419e+50    7.597064e-04    4.365158e-04    1.740387e+00    1.453961e+51    1.346491e-03    7.762471e-04    1.734617e+00    3.353566e+50    3.105688e-04    1.778279e-04    1.746457e+00   
pn_60K_g_M10         4.448594e+53    5.244837e+50    1.178987e-03    4.365158e-04    2.700904e+00    9.314793e+50    2.093873e-03    7.762471e-04    2.697431e+00    2.147030e+50    4.826312e-04    1.778279e-04    2.714035e+00   
pn_60K_g_M20         1.449019e+53    2.905035e+50    2.004828e-03    4.365158e-04    4.592796e+00    5.150685e+50    3.554601e-03    7.762471e-04    4.579214e+00    1.189757e+50    8.210777e-04    1.778279e-04    4.617259e+00   
pn_60K_g_M30         6.532857e+52    1.878493e+50    2.875454e-03    4.365158e-04    6.587284e+00    3.336403e+50    5.107112e-03    7.762471e-04    6.579235e+00    7.688344e+49    1.176873e-03    1.778279e-04    6.618044e+00   
pn_60K_g_M100        3.991661e+51    3.492434e+49    8.749326e-03    4.365158e-04    2.004355e+01    6.186826e+49    1.549938e-02    7.762471e-04    1.996707e+01    1.429917e+49    3.582260e-03    1.778279e-04    2.014453e+01   
pn_70K_g_M1          6.696106e+54    2.922956e+51    4.365158e-04    4.365158e-04    1.000000e+00    5.197833e+51    7.762471e-04    7.762471e-04    1.000000e+00    1.190755e+51    1.778279e-04    1.778279e-04    1.000000e+00   
pn_70K_g_M2          4.648427e+54    2.361195e+51    5.079557e-04    4.365158e-04    1.163659e+00    4.187098e+51    9.007560e-04    7.762471e-04    1.160398e+00    9.652676e+50    2.076547e-04    1.778279e-04    1.167728e+00   
pn_70K_g_M3          3.380121e+54    2.015472e+51    5.962722e-04    4.365158e-04    1.365981e+00    3.569044e+51    1.055892e-03    7.762471e-04    1.360253e+00    8.245152e+50    2.439307e-04    1.778279e-04    1.371723e+00   
pn_70K_g_M5          2.010990e+54    1.595003e+51    7.931433e-04    4.365158e-04    1.816986e+00    2.830377e+51    1.407455e-03    7.762471e-04    1.813153e+00    6.526532e+50    3.245432e-04    1.778279e-04    1.825041e+00   
pn_70K_g_M10         8.402721e+53    1.023585e+51    1.218159e-03    4.365158e-04    2.790642e+00    1.815826e+51    2.160998e-03    7.762471e-04    2.783904e+00    4.189869e+50    4.986324e-04    1.778279e-04    2.804016e+00   
pn_70K_g_M20         2.834121e+53    5.606565e+50    1.978238e-03    4.365158e-04    4.531881e+00    9.939997e+50    3.507259e-03    7.762471e-04    4.518225e+00    2.292246e+50    8.088032e-04    1.778279e-04    4.548235e+00   
pn_70K_g_M30         1.255857e+53    3.681825e+50    2.931723e-03    4.365158e-04    6.716190e+00    6.537508e+50    5.205615e-03    7.762471e-04    6.706131e+00    1.506016e+50    1.199194e-03    1.778279e-04    6.743561e+00   
pn_70K_g_M100        7.747308e+51    6.767131e+49    8.734816e-03    4.365158e-04    2.001031e+01    1.198109e+50    1.546484e-02    7.762471e-04    1.992257e+01    2.763956e+49    3.567634e-03    1.778279e-04    2.006228e+01   
pn_80K_g_M1          1.125867e+55    4.914587e+51    4.365158e-04    4.365158e-04    1.000000e+00    8.739508e+51    7.762471e-04    7.762471e-04    1.000000e+00    2.048741e+51    1.819701e-04    1.819701e-04    1.000000e+00   
pn_80K_g_M2          7.902142e+54    4.072799e+51    5.154045e-04    4.466836e-04    1.153847e+00    7.218853e+51    9.135312e-04    7.762471e-04    1.176856e+00    1.669323e+51    2.112495e-04    1.819701e-04    1.160902e+00   
pn_80K_g_M3          5.883823e+54    3.494659e+51    5.939436e-04    4.466836e-04    1.329674e+00    6.192475e+51    1.052458e-03    7.943282e-04    1.324966e+00    1.429517e+51    2.429572e-04    1.819701e-04    1.335149e+00   
pn_80K_g_M5          3.634470e+54    2.752519e+51    7.573371e-04    4.466836e-04    1.695467e+00    4.882795e+51    1.343468e-03    7.762471e-04    1.730722e+00    1.125944e+51    3.097959e-04    1.819701e-04    1.702455e+00   
pn_80K_g_M10         1.507874e+54    1.824778e+51    1.210166e-03    4.365158e-04    2.772330e+00    3.231576e+51    2.143133e-03    7.762471e-04    2.760890e+00    7.455739e+50    4.944536e-04    1.819701e-04    2.717225e+00   
pn_80K_g_M20         5.105613e+53    1.018903e+51    1.995654e-03    4.466836e-04    4.467712e+00    1.801862e+51    3.529178e-03    7.762471e-04    4.546462e+00    4.161991e+50    8.151796e-04    1.819701e-04    4.479745e+00   
pn_80K_g_M30         2.279465e+53    6.732618e+50    2.953596e-03    4.466836e-04    6.612277e+00    1.193374e+51    5.235327e-03    7.762471e-04    6.744407e+00    2.752908e+50    1.207699e-03    1.819701e-04    6.636800e+00   
pn_80K_g_M100        1.399922e+52    1.238363e+50    8.845948e-03    4.365158e-04    2.026490e+01    2.192984e+50    1.566505e-02    7.762471e-04    2.018049e+01    5.063938e+49    3.617301e-03    1.819701e-04    1.987855e+01   
pn_90K_g_M1          1.679388e+55    7.330797e+51    4.365158e-04    4.365158e-04    1.000000e+00    1.303620e+52    7.762471e-04    7.762471e-04    1.000000e+00    2.986422e+51    1.778279e-04    1.778279e-04    1.000000e+00   
pn_90K_g_M2          1.203282e+55    6.133865e+51    5.097611e-04    4.466836e-04    1.141213e+00    1.087396e+52    9.036913e-04    7.762471e-04    1.164180e+00    2.513806e+51    2.089124e-04    1.819701e-04    1.148059e+00   
pn_90K_g_M3          8.978088e+54    5.352940e+51    5.962227e-04    4.365158e-04    1.365867e+00    9.507198e+51    1.058933e-03    7.762471e-04    1.364171e+00    2.189818e+51    2.439069e-04    1.778279e-04    1.371589e+00   
pn_90K_g_M5          5.627106e+54    4.293765e+51    7.630503e-04    4.365158e-04    1.748047e+00    7.610407e+51    1.352455e-03    7.762471e-04    1.742300e+00    1.758645e+51    3.125310e-04    1.778279e-04    1.757491e+00   
pn_90K_g_M10         2.412628e+54    2.886473e+51    1.196402e-03    4.365158e-04    2.740799e+00    5.107640e+51    2.117044e-03    7.762471e-04    2.727281e+00    1.181245e+51    4.896091e-04    1.778279e-04    2.753274e+00   
pn_90K_g_M20         8.160837e+53    1.659244e+51    2.033179e-03    4.365158e-04    4.657744e+00    2.946848e+51    3.610963e-03    7.762471e-04    4.651821e+00    6.790208e+50    8.320480e-04    1.778279e-04    4.678950e+00   
pn_90K_g_M30         3.777251e+53    1.091689e+51    2.890168e-03    4.365158e-04    6.620992e+00    1.934774e+51    5.122176e-03    7.762471e-04    6.598641e+00    4.467703e+50    1.182792e-03    1.778279e-04    6.651330e+00   
pn_90K_g_M100        2.330451e+52    2.034041e+50    8.728099e-03    4.365158e-04    1.999492e+01    3.604515e+50    1.546703e-02    7.762471e-04    1.992539e+01    8.314880e+49    3.567927e-03    1.778279e-04    2.006393e+01   
pn_100K_g_M1         2.430121e+55    1.085495e+52    4.466836e-04    4.466836e-04    1.000000e+00    1.886375e+52    7.762471e-04    7.762471e-04    1.000000e+00    4.422094e+51    1.819701e-04    1.819701e-04    1.000000e+00   
pn_100K_g_M2         1.750538e+55    9.112297e+51    5.205428e-04    4.466836e-04    1.165350e+00    1.609415e+52    9.193832e-04    7.762471e-04    1.184395e+00    3.726246e+51    2.128629e-04    1.819701e-04    1.169769e+00   
pn_100K_g_M3         1.321150e+55    8.008455e+51    6.061729e-04    4.466836e-04    1.357052e+00    1.420070e+52    1.074874e-03    7.762471e-04    1.384706e+00    3.273501e+51    2.477766e-04    1.819701e-04    1.361634e+00   
pn_100K_g_M5         8.280476e+54    6.553408e+51    7.914289e-04    4.466836e-04    1.771789e+00    1.160502e+52    1.401492e-03    7.762471e-04    1.805472e+00    2.679619e+51    3.236068e-04    1.819701e-04    1.778352e+00   
pn_100K_g_M10        3.668963e+54    4.402061e+51    1.199811e-03    4.466836e-04    2.686042e+00    7.806893e+51    2.127820e-03    7.762471e-04    2.741164e+00    1.801637e+51    4.910480e-04    1.819701e-04    2.698510e+00   
pn_100K_g_M20        1.266019e+54    2.557590e+51    2.020183e-03    4.466836e-04    4.522627e+00    4.530981e+51    3.578920e-03    7.762471e-04    4.610542e+00    1.048152e+51    8.279115e-04    1.819701e-04    4.549712e+00   
pn_100K_g_M30        5.868191e+53    1.688327e+51    2.877083e-03    4.466836e-04    6.440987e+00    2.999033e+51    5.110661e-03    7.762471e-04    6.583806e+00    6.907322e+50    1.177079e-03    1.819701e-04    6.468528e+00   
pn_100K_g_M100       3.545982e+52    3.146616e+50    8.873751e-03    4.466836e-04    1.986585e+01    5.584620e+50    1.574915e-02    7.762471e-04    2.028883e+01    1.287498e+50    3.630865e-03    1.819701e-04    1.995309e+01   
pn_110K_g_M1         3.281232e+55    1.465673e+52    4.466836e-04    4.466836e-04    1.000000e+00    2.606375e+52    7.943282e-04    7.943282e-04    1.000000e+00    5.970861e+51    1.819701e-04    1.819701e-04    1.000000e+00   
pn_110K_g_M2         2.336398e+55    1.274871e+52    5.456566e-04    4.466836e-04    1.221573e+00    2.258476e+52    9.666485e-04    7.943282e-04    1.216938e+00    5.218714e+51    2.233657e-04    1.819701e-04    1.227486e+00   
pn_110K_g_M3         1.794027e+55    1.119749e+52    6.241538e-04    4.466836e-04    1.397306e+00    1.985827e+52    1.106910e-03    7.943282e-04    1.393518e+00    4.589236e+51    2.558064e-04    1.819701e-04    1.405761e+00   
pn_110K_g_M5         1.164137e+55    9.109303e+51    7.824943e-04    4.466836e-04    1.751786e+00    1.615912e+52    1.388078e-03    7.943282e-04    1.747486e+00    3.724467e+51    3.199338e-04    1.819701e-04    1.758167e+00   
pn_110K_g_M10        5.144787e+54    6.295241e+51    1.223615e-03    4.466836e-04    2.739334e+00    1.117561e+52    2.172220e-03    7.943282e-04    2.734662e+00    2.576308e+51    5.007609e-04    1.819701e-04    2.751886e+00   
pn_110K_g_M20        1.759105e+54    3.747265e+51    2.130211e-03    4.466836e-04    4.768949e+00    6.639289e+51    3.774243e-03    7.943282e-04    4.751490e+00    1.532320e+51    8.710795e-04    1.819701e-04    4.786938e+00   
pn_110K_g_M30        8.199529e+53    2.471158e+51    3.013780e-03    4.466836e-04    6.747013e+00    4.383008e+51    5.345439e-03    7.943282e-04    6.729508e+00    1.009921e+51    1.231682e-03    1.819701e-04    6.768595e+00   
pn_110K_g_M100       5.084863e+52    4.532469e+50    8.913651e-03    4.466836e-04    1.995518e+01    8.040151e+50    1.581193e-02    7.943282e-04    1.990605e+01    1.854945e+50    3.647974e-03    1.819701e-04    2.004711e+01   
