Modelo               total H         total O         total O/H       O/H last        ratio O         total C         total C/H       C/H last        ratio C         total N         total N/H       N/H last        ratio N        
========================================================================================================================================================================================================
pn_50K_M1            9.896789e+53    4.353103e+50    4.398500e-04    4.365158e-04    1.007638e+00    7.713905e+50    7.794351e-04    7.762471e-04    1.004107e+00    1.781880e+50    1.800463e-04    1.778279e-04    1.012475e+00   
pn_50K_M2            1.061431e+54    5.708739e+50    5.378344e-04    4.466836e-04    1.204061e+00    1.012821e+51    9.542035e-04    7.943282e-04    1.201271e+00    2.337749e+50    2.202451e-04    1.819701e-04    1.210337e+00   
pn_50K_M3            1.093722e+54    6.561969e+50    5.999667e-04    4.365158e-04    1.374444e+00    1.164537e+51    1.064747e-03    7.762471e-04    1.371660e+00    2.687072e+50    2.456814e-04    1.778279e-04    1.381568e+00   
pn_50K_M5            9.885154e+53    7.746562e+50    7.836561e-04    4.466836e-04    1.754388e+00    1.375310e+51    1.391289e-03    7.762471e-04    1.792327e+00    3.174931e+50    3.211817e-04    1.819701e-04    1.765025e+00   
pn_50K_M10           7.163309e+53    9.724106e+50    1.357488e-03    4.466836e-04    3.039037e+00    1.721005e+51    2.402528e-03    7.943282e-04    3.024603e+00    3.968269e+50    5.539715e-04    1.819701e-04    3.044300e+00   
pn_50K_M20           5.025536e+53    1.157474e+51    2.303185e-03    4.466836e-04    5.156189e+00    2.050576e+51    4.080313e-03    7.762471e-04    5.256462e+00    4.730760e+50    9.413444e-04    1.819701e-04    5.173072e+00   
pn_50K_M30           3.149495e+53    1.104285e+51    3.506229e-03    4.466836e-04    7.849468e+00    1.957669e+51    6.215820e-03    7.943282e-04    7.825254e+00    4.518702e+50    1.434739e-03    1.819701e-04    7.884476e+00   
pn_50K_M100          1.793069e+52    2.232078e+50    1.244836e-02    4.570882e-04    2.723405e+01    3.955268e+50    2.205864e-02    8.128305e-04    2.713806e+01    9.134776e+49    5.094491e-03    1.905461e-04    2.673627e+01   
pn_60K_M1            2.660302e+54    1.170271e+51    4.399017e-04    4.466836e-04    9.848171e-01    2.074965e+51    7.799737e-04    7.762471e-04    1.004801e+00    4.785491e+50    1.798853e-04    1.819701e-04    9.885431e-01   
pn_60K_M2            2.813758e+54    1.537411e+51    5.463905e-04    4.570882e-04    1.195372e+00    2.729875e+51    9.701883e-04    7.943282e-04    1.221395e+00    6.292815e+50    2.236445e-04    1.862087e-04    1.201042e+00   
pn_60K_M3            2.878603e+54    1.774331e+51    6.163862e-04    4.466836e-04    1.379917e+00    3.143198e+51    1.091918e-03    7.943282e-04    1.374643e+00    7.269949e+50    2.525513e-04    1.819701e-04    1.387873e+00   
pn_60K_M5            2.676843e+54    2.110252e+51    7.883362e-04    4.365158e-04    1.805974e+00    3.729277e+51    1.393163e-03    7.762471e-04    1.794741e+00    8.613555e+50    3.217804e-04    1.778279e-04    1.809504e+00   
pn_60K_M10           2.059088e+54    2.613157e+51    1.269085e-03    4.365158e-04    2.907305e+00    4.629850e+51    2.248496e-03    7.762471e-04    2.896624e+00    1.068621e+51    5.189781e-04    1.778279e-04    2.918428e+00   
pn_60K_M20           1.170449e+54    2.761510e+51    2.359359e-03    4.466836e-04    5.281947e+00    4.892123e+51    4.179696e-03    7.943282e-04    5.261926e+00    1.129615e+51    9.651126e-04    1.819701e-04    5.303688e+00   
pn_60K_M30           7.823357e+53    2.682925e+51    3.429378e-03    4.365158e-04    7.856251e+00    4.754921e+51    6.077853e-03    7.762471e-04    7.829791e+00    1.099203e+51    1.405028e-03    1.778279e-04    7.901051e+00   
pn_60K_M100          5.216796e+52    6.232988e+50    1.194792e-02    4.466836e-04    2.674807e+01    1.106671e+51    2.121362e-02    7.762471e-04    2.732843e+01    2.552145e+50    4.892171e-03    1.819701e-04    2.688448e+01   
pn_70K_M1            4.815934e+54    2.123411e+51    4.409137e-04    4.365158e-04    1.010075e+00    3.759619e+51    7.806624e-04    7.762471e-04    1.005688e+00    8.680891e+50    1.802535e-04    1.778279e-04    1.013640e+00   
pn_70K_M2            5.083331e+54    2.792086e+51    5.492630e-04    4.466836e-04    1.229647e+00    4.954353e+51    9.746273e-04    7.943282e-04    1.226983e+00    1.145522e+51    2.253486e-04    1.862087e-04    1.210194e+00   
pn_70K_M3            5.469199e+54    3.226220e+51    5.898889e-04    4.466836e-04    1.320597e+00    5.714283e+51    1.044812e-03    7.943282e-04    1.315340e+00    1.320486e+51    2.414406e-04    1.819701e-04    1.326815e+00   
pn_70K_M5            4.907202e+54    3.871842e+51    7.890122e-04    4.466836e-04    1.766378e+00    6.870382e+51    1.400061e-03    7.943282e-04    1.762572e+00    1.582281e+51    3.224406e-04    1.819701e-04    1.771943e+00   
pn_70K_M10           3.893260e+54    4.844621e+51    1.244361e-03    4.466836e-04    2.785777e+00    8.586154e+51    2.205389e-03    7.943282e-04    2.776420e+00    1.981267e+51    5.088967e-04    1.819701e-04    2.796595e+00   
pn_70K_M20           2.198620e+54    5.101824e+51    2.320467e-03    4.365158e-04    5.315882e+00    9.015886e+51    4.100703e-03    7.762471e-04    5.282728e+00    2.090236e+51    9.507036e-04    1.819701e-04    5.224505e+00   
pn_70K_M30           1.407930e+54    4.818737e+51    3.422569e-03    4.365158e-04    7.840653e+00    8.538694e+51    6.064715e-03    7.762471e-04    7.812867e+00    1.968453e+51    1.398119e-03    1.778279e-04    7.862198e+00   
pn_70K_M100          9.014859e+52    1.099412e+51    1.219555e-02    4.570882e-04    2.668096e+01    1.949433e+51    2.162466e-02    7.943282e-04    2.722383e+01    4.499502e+50    4.991206e-03    1.862087e-04    2.680436e+01   
pn_80K_M1            7.619270e+54    3.351056e+51    4.398132e-04    4.365158e-04    1.007554e+00    5.939383e+51    7.795212e-04    7.762471e-04    1.004218e+00    1.374484e+51    1.803958e-04    1.778279e-04    1.014440e+00   
pn_80K_M2            8.205711e+54    4.405874e+51    5.369277e-04    4.365158e-04    1.230030e+00    7.802808e+51    9.508997e-04    7.762471e-04    1.224996e+00    1.801767e+51    2.195747e-04    1.778279e-04    1.234759e+00   
pn_80K_M3            7.966533e+54    5.212369e+51    6.542832e-04    4.570882e-04    1.431416e+00    9.234697e+51    1.159186e-03    7.943282e-04    1.459329e+00    2.133532e+51    2.678119e-04    1.862087e-04    1.438235e+00   
pn_80K_M5            8.255410e+54    6.237418e+51    7.555552e-04    4.466836e-04    1.691477e+00    1.106232e+52    1.340009e-03    7.943282e-04    1.686971e+00    2.552036e+51    3.091349e-04    1.819701e-04    1.698823e+00   
pn_80K_M10           6.605784e+54    8.169636e+51    1.236740e-03    4.466836e-04    2.768715e+00    1.448856e+52    2.193315e-03    7.943282e-04    2.761219e+00    3.342599e+51    5.060110e-04    1.819701e-04    2.780737e+00   
pn_80K_M20           3.894360e+54    8.916802e+51    2.289671e-03    4.466836e-04    5.125934e+00    1.581774e+52    4.061705e-03    7.762471e-04    5.232490e+00    3.649591e+51    9.371477e-04    1.819701e-04    5.150010e+00   
pn_80K_M30           2.221522e+54    7.724143e+51    3.476960e-03    4.365158e-04    7.965255e+00    1.368520e+52    6.160281e-03    7.762471e-04    7.935979e+00    3.156283e+51    1.420775e-03    1.778279e-04    7.989605e+00   
pn_80K_M100          1.110908e+53    1.657742e+51    1.492240e-02    2.238721e-03    6.665592e+00    2.941953e+51    2.648241e-02    3.981072e-03    6.652080e+00    6.784233e+50    6.106924e-03    9.120108e-04    6.696110e+00   
pn_90K_M1            8.488304e+54    3.727209e+51    4.390994e-04    4.466836e-04    9.830211e-01    6.613662e+51    7.791499e-04    7.762471e-04    1.003740e+00    1.526045e+51    1.797821e-04    1.819701e-04    9.879762e-01   
pn_90K_M2            8.477771e+54    4.716246e+51    5.563074e-04    4.570882e-04    1.217068e+00    8.365225e+51    9.867246e-04    7.943282e-04    1.242213e+00    1.933787e+51    2.281008e-04    1.862087e-04    1.224974e+00   
pn_90K_M3            8.470677e+54    5.525637e+51    6.523253e-04    4.466836e-04    1.460374e+00    9.774127e+51    1.153878e-03    7.943282e-04    1.452646e+00    2.258416e+51    2.666158e-04    1.862087e-04    1.431812e+00   
pn_90K_M5            8.436802e+54    7.150832e+51    8.475760e-04    4.466836e-04    1.897486e+00    1.266716e+52    1.501417e-03    7.943282e-04    1.890172e+00    2.926910e+51    3.469217e-04    1.819701e-04    1.906476e+00   
pn_90K_M10           8.506291e+54    1.142180e+52    1.342747e-03    4.466836e-04    3.006036e+00    2.026037e+52    2.381810e-03    7.943282e-04    2.998521e+00    4.674764e+51    5.495655e-04    1.819701e-04    3.020087e+00   
pn_90K_M20           6.860971e+54    1.575587e+52    2.296449e-03    4.466836e-04    5.141109e+00    2.795895e+52    4.075072e-03    7.762471e-04    5.249710e+00    6.441658e+51    9.388844e-04    1.819701e-04    5.159553e+00   
pn_90K_M30           3.496389e+54    1.236897e+52    3.537641e-03    4.365158e-04    8.104267e+00    2.188907e+52    6.260478e-03    7.762471e-04    8.065059e+00    5.059870e+51    1.447170e-03    1.819701e-04    7.952792e+00   
pn_90K_M100          1.814185e+53    2.198750e+51    1.211977e-02    4.466836e-04    2.713278e+01    3.897923e+51    2.148581e-02    7.943282e-04    2.704903e+01    8.988785e+50    4.954724e-03    1.819701e-04    2.722823e+01   
pn_100K_M1           2.430121e+55    1.085495e+52    4.466836e-04    4.466836e-04    1.000000e+00    1.886375e+52    7.762471e-04    7.762471e-04    1.000000e+00    4.422094e+51    1.819701e-04    1.819701e-04    1.000000e+00   
pn_100K_M2           1.046645e+55    5.719322e+51    5.464432e-04    4.466836e-04    1.223334e+00    1.014420e+52    9.692112e-04    7.943282e-04    1.220165e+00    2.342149e+51    2.237768e-04    1.819701e-04    1.229745e+00   
pn_100K_M3           9.875577e+54    6.404259e+51    6.484947e-04    4.466836e-04    1.451799e+00    1.135177e+52    1.149479e-03    7.943282e-04    1.447108e+00    2.620500e+51    2.653516e-04    1.819701e-04    1.458216e+00   
pn_100K_M5           9.871347e+54    7.967120e+51    8.070955e-04    4.466836e-04    1.806862e+00    1.412398e+52    1.430806e-03    7.943282e-04    1.801278e+00    3.262615e+51    3.305136e-04    1.819701e-04    1.816307e+00   
pn_100K_M10          1.054927e+55    1.310782e+52    1.242534e-03    4.466836e-04    2.781687e+00    2.325088e+52    2.204028e-03    7.943282e-04    2.774707e+00    5.359220e+51    5.080183e-04    1.819701e-04    2.791768e+00   
pn_100K_M20          7.451133e+54    1.896587e+52    2.545367e-03    4.786301e-04    5.318024e+00    3.362960e+52    4.513354e-03    8.511380e-04    5.302729e+00    7.739834e+51    1.038746e-03    1.995262e-04    5.206062e+00   
pn_100K_M30          3.596420e+54    1.399861e+52    3.892372e-03    5.495409e-04    7.082953e+00    2.480445e+52    6.896983e-03    9.772372e-04    7.057635e+00    5.719013e+51    1.590196e-03    2.238721e-04    7.103146e+00   
pn_100K_M100         1.430551e+53    2.255022e+51    1.576331e-02    3.162278e-03    4.984797e+00    4.000283e+51    2.796323e-02    5.623413e-03    4.972644e+00    9.232169e+50    6.453575e-03    1.288250e-03    5.009569e+00   
pn_110K_M1           1.529255e+55    6.741869e+51    4.408598e-04    4.365158e-04    1.009952e+00    1.196739e+52    7.825633e-04    7.762471e-04    1.008137e+00    2.755657e+51    1.801961e-04    1.819701e-04    9.902512e-01   
pn_110K_M2           1.614959e+55    8.163497e+51    5.054924e-04    4.466836e-04    1.131657e+00    1.446161e+52    8.954785e-04    7.943282e-04    1.127341e+00    3.330222e+51    2.062109e-04    1.819701e-04    1.133213e+00   
pn_110K_M3           1.462326e+55    9.353532e+51    6.396337e-04    4.466836e-04    1.431962e+00    1.659118e+52    1.134574e-03    7.943282e-04    1.428344e+00    3.830992e+51    2.619793e-04    1.862087e-04    1.406912e+00   
pn_110K_M5           1.192942e+55    1.303552e+52    1.092720e-03    6.456542e-04    1.692423e+00    2.311594e+52    1.937725e-03    1.148154e-03    1.687688e+00    5.336859e+51    4.473694e-04    2.630268e-04    1.700851e+00   
pn_110K_M10          1.648389e+55    2.210747e+52    1.341156e-03    4.570882e-04    2.934130e+00    3.927477e+52    2.382616e-03    7.943282e-04    2.999536e+00    9.047293e+51    5.488568e-04    1.862087e-04    2.947535e+00   
pn_110K_M20          1.258501e+55    3.042014e+52    2.417173e-03    4.466836e-04    5.411375e+00    5.389541e+52    4.282508e-03    7.943282e-04    5.391358e+00    1.243160e+52    9.878099e-04    1.819701e-04    5.428419e+00   
pn_110K_M30          5.842859e+54    2.100952e+52    3.595761e-03    4.466836e-04    8.049906e+00    3.727510e+52    6.379599e-03    7.943282e-04    8.031440e+00    8.607596e+51    1.473182e-03    1.819701e-04    8.095739e+00   
pn_110K_M100         2.791076e+53    3.357465e+51    1.202929e-02    4.365158e-04    2.755750e+01    5.953242e+51    2.132956e-02    7.762471e-04    2.747779e+01    1.374068e+51    4.923075e-03    1.819701e-04    2.705431e+01   
