Modelo               total H         total O         total O/H       O/H last        ratio O         total C         total C/H       C/H last        ratio C         total N         total N/H       N/H last        ratio N        
========================================================================================================================================================================================================
pn_50K_i_M1          6.763947e+53    2.952570e+50    4.365158e-04    4.365158e-04    1.000000e+00    5.250494e+50    7.762471e-04    7.762471e-04    1.000000e+00    1.202819e+50    1.778279e-04    1.778279e-04    1.000000e+00   
pn_50K_i_M2          6.304307e+53    3.276538e+50    5.197301e-04    4.365158e-04    1.190633e+00    5.808767e+50    9.213966e-04    7.762471e-04    1.186989e+00    1.345243e+50    2.133848e-04    1.778279e-04    1.199951e+00   
pn_50K_i_M3          5.256578e+53    3.095185e+50    5.888212e-04    4.365158e-04    1.348911e+00    5.493526e+50    1.045076e-03    7.762471e-04    1.346319e+00    1.266053e+50    2.408511e-04    1.819701e-04    1.323575e+00   
pn_50K_i_M5          4.341196e+53    3.211545e+50    7.397835e-04    4.365158e-04    1.694746e+00    5.685439e+50    1.309648e-03    7.762471e-04    1.687153e+00    1.318333e+50    3.036795e-04    1.819701e-04    1.668843e+00   
pn_50K_i_M10         3.696806e+53    4.210545e+50    1.138968e-03    4.365158e-04    2.609226e+00    7.453566e+50    2.016218e-03    7.762471e-04    2.597391e+00    1.722797e+50    4.660230e-04    1.819701e-04    2.560987e+00   
pn_50K_i_M20         2.619737e+53    5.160156e+50    1.969723e-03    4.365158e-04    4.512375e+00    9.148087e+50    3.491987e-03    7.762471e-04    4.498550e+00    2.106703e+50    8.041658e-04    1.778279e-04    4.522157e+00   
pn_50K_i_M30         1.975098e+53    5.770648e+50    2.921703e-03    4.365158e-04    6.693234e+00    1.023165e+51    5.180324e-03    7.762471e-04    6.673550e+00    2.366746e+50    1.198293e-03    1.819701e-04    6.585110e+00   
pn_50K_i_M100        4.677224e+52    3.495281e+50    7.472982e-03    8.128305e-04    9.193777e+00    6.209900e+50    1.327689e-02    1.412538e-03    9.399320e+00    1.432189e+50    3.062048e-03    3.311311e-04    9.247238e+00   
pn_60K_i_M1          1.799152e+54    7.853584e+50    4.365158e-04    4.365158e-04    1.000000e+00    1.396587e+51    7.762471e-04    7.762471e-04    1.000000e+00    3.199395e+50    1.778279e-04    1.778279e-04    1.000000e+00   
pn_60K_i_M2          1.612187e+54    8.575088e+50    5.318917e-04    4.365158e-04    1.218494e+00    1.518673e+51    9.419955e-04    7.762471e-04    1.213525e+00    3.505945e+50    2.174652e-04    1.819701e-04    1.195060e+00   
pn_60K_i_M3          1.440260e+54    8.919605e+50    6.193052e-04    4.365158e-04    1.418746e+00    1.580498e+51    1.097370e-03    7.762471e-04    1.413687e+00    3.650517e+50    2.534624e-04    1.819701e-04    1.392879e+00   
pn_60K_i_M5          1.282220e+54    1.018204e+51    7.940948e-04    4.466836e-04    1.777757e+00    1.803268e+51    1.406365e-03    7.762471e-04    1.811749e+00    4.156928e+50    3.241978e-04    1.819701e-04    1.781599e+00   
pn_60K_i_M10         1.037332e+54    1.204930e+51    1.161567e-03    4.365158e-04    2.660995e+00    2.136785e+51    2.059886e-03    7.762471e-04    2.653647e+00    4.921947e+50    4.744816e-04    1.778279e-04    2.668206e+00   
pn_60K_i_M20         6.763911e+53    1.369709e+51    2.025025e-03    4.365158e-04    4.639063e+00    2.425008e+51    3.585217e-03    7.762471e-04    4.618654e+00    5.608909e+50    8.292406e-04    1.819701e-04    4.557016e+00   
pn_60K_i_M30         5.063307e+53    1.466362e+51    2.896057e-03    4.365158e-04    6.634482e+00    2.599185e+51    5.133375e-03    7.762471e-04    6.613068e+00    5.992191e+50    1.183454e-03    1.819701e-04    6.503563e+00   
pn_60K_i_M100        1.099608e+53    9.749018e+50    8.865902e-03    4.365158e-04    2.031061e+01    1.729875e+51    1.573174e-02    7.762471e-04    2.026641e+01    3.988954e+50    3.627614e-03    1.819701e-04    1.993522e+01   
pn_70K_i_M1          3.365521e+54    1.469103e+51    4.365158e-04    4.365158e-04    1.000000e+00    2.612476e+51    7.762471e-04    7.762471e-04    1.000000e+00    5.984837e+50    1.778279e-04    1.778279e-04    1.000000e+00   
pn_70K_i_M2          2.990983e+54    1.581959e+51    5.289095e-04    4.365158e-04    1.211662e+00    2.803617e+51    9.373564e-04    7.762471e-04    1.207549e+00    6.456244e+50    2.158569e-04    1.778279e-04    1.213853e+00   
pn_70K_i_M3          2.850526e+54    1.642401e+51    5.761748e-04    4.466836e-04    1.289895e+00    2.915518e+51    1.022800e-03    7.762471e-04    1.317622e+00    6.721440e+50    2.357965e-04    1.819701e-04    1.295798e+00   
pn_70K_i_M5          2.458922e+54    1.801678e+51    7.327103e-04    4.365158e-04    1.678542e+00    3.189655e+51    1.297176e-03    7.762471e-04    1.671086e+00    7.380288e+50    3.001432e-04    1.819701e-04    1.649409e+00   
pn_70K_i_M10         1.949719e+54    2.334960e+51    1.197588e-03    4.365158e-04    2.743515e+00    4.140897e+51    2.123843e-03    7.762471e-04    2.736039e+00    9.568048e+50    4.907398e-04    1.778279e-04    2.759632e+00   
pn_70K_i_M20         1.320485e+54    2.700647e+51    2.045193e-03    4.365158e-04    4.685267e+00    4.791270e+51    3.628417e-03    7.762471e-04    4.674306e+00    1.106848e+51    8.382128e-04    1.819701e-04    4.606322e+00   
pn_70K_i_M30         9.140603e+53    2.625458e+51    2.872303e-03    4.365158e-04    6.580066e+00    4.648007e+51    5.085011e-03    7.762471e-04    6.550763e+00    1.073776e+51    1.174732e-03    1.778279e-04    6.606005e+00   
pn_70K_i_M100        2.073818e+53    1.835321e+51    8.849964e-03    4.365158e-04    2.027410e+01    3.252444e+51    1.568337e-02    7.762471e-04    2.020409e+01    7.504377e+50    3.618629e-03    1.778279e-04    2.034905e+01   
pn_80K_i_M1          5.755670e+54    2.512441e+51    4.365158e-04    4.365158e-04    1.000000e+00    4.467822e+51    7.762471e-04    7.762471e-04    1.000000e+00    1.047360e+51    1.819701e-04    1.819701e-04    1.000000e+00   
pn_80K_i_M2          5.079587e+54    2.609250e+51    5.136736e-04    4.466836e-04    1.149972e+00    4.622157e+51    9.099473e-04    7.762471e-04    1.172239e+00    1.070825e+51    2.108094e-04    1.819701e-04    1.158484e+00   
pn_80K_i_M3          4.664193e+54    2.881708e+51    6.178364e-04    4.466836e-04    1.383163e+00    5.097868e+51    1.092980e-03    7.762471e-04    1.408030e+00    1.178468e+51    2.526627e-04    1.819701e-04    1.388485e+00   
pn_80K_i_M5          4.182541e+54    3.137662e+51    7.501808e-04    4.466836e-04    1.679446e+00    5.569008e+51    1.331489e-03    7.762471e-04    1.715290e+00    1.283294e+51    3.068216e-04    1.819701e-04    1.686110e+00   
pn_80K_i_M10         3.412846e+54    3.964004e+51    1.161495e-03    4.365158e-04    2.660832e+00    7.039417e+51    2.062624e-03    7.762471e-04    2.657174e+00    1.618902e+51    4.743553e-04    1.819701e-04    2.606776e+00   
pn_80K_i_M20         2.258358e+54    4.635763e+51    2.052714e-03    4.466836e-04    4.595455e+00    8.212617e+51    3.636544e-03    7.762471e-04    4.684776e+00    1.892492e+51    8.379947e-04    1.819701e-04    4.605124e+00   
pn_80K_i_M30         1.510353e+54    4.305834e+51    2.850880e-03    4.365158e-04    6.530989e+00    7.639811e+51    5.058297e-03    7.762471e-04    6.516348e+00    1.766017e+51    1.169275e-03    1.819701e-04    6.425643e+00   
pn_80K_i_M100        3.457007e+53    3.024752e+51    8.749626e-03    4.466836e-04    1.958797e+01    5.362466e+51    1.551187e-02    7.762471e-04    1.998316e+01    1.237898e+51    3.580838e-03    1.819701e-04    1.967817e+01   
pn_90K_i_M1          8.609738e+54    3.758287e+51    4.365158e-04    4.365158e-04    1.000000e+00    6.683284e+51    7.762471e-04    7.762471e-04    1.000000e+00    1.531052e+51    1.778279e-04    1.778279e-04    1.000000e+00   
pn_90K_i_M2          7.677728e+54    3.957563e+51    5.154601e-04    4.365158e-04    1.180851e+00    7.020673e+51    9.144207e-04    7.762471e-04    1.178002e+00    1.620568e+51    2.110739e-04    1.778279e-04    1.186956e+00   
pn_90K_i_M3          7.101733e+54    4.381633e+51    6.169808e-04    4.365158e-04    1.413421e+00    7.770410e+51    1.094157e-03    7.762471e-04    1.409547e+00    1.792675e+51    2.524278e-04    1.819701e-04    1.387194e+00   
pn_90K_i_M5          6.301893e+54    4.899010e+51    7.773871e-04    4.365158e-04    1.780891e+00    8.702464e+51    1.380929e-03    7.762471e-04    1.778981e+00    2.004793e+51    3.181256e-04    1.819701e-04    1.748230e+00   
pn_90K_i_M10         5.126669e+54    6.074639e+51    1.184909e-03    4.365158e-04    2.714471e+00    1.079146e+52    2.104964e-03    7.762471e-04    2.711719e+00    2.484378e+51    4.845988e-04    1.778279e-04    2.725099e+00   
pn_90K_i_M20         3.444370e+54    6.834178e+51    1.984159e-03    4.365158e-04    4.545445e+00    1.210703e+52    3.515019e-03    7.762471e-04    4.528222e+00    2.787539e+51    8.093030e-04    1.778279e-04    4.551045e+00   
pn_90K_i_M30         2.279271e+54    6.406989e+51    2.810982e-03    4.365158e-04    6.439587e+00    1.135448e+52    4.981630e-03    7.762471e-04    6.417583e+00    2.621020e+51    1.149938e-03    1.819701e-04    6.319379e+00   
pn_90K_i_M100        4.692072e+53    4.144426e+51    8.832826e-03    4.365158e-04    2.023483e+01    7.352389e+51    1.566981e-02    7.762471e-04    2.018663e+01    1.696750e+51    3.616207e-03    1.778279e-04    2.033542e+01   
pn_100K_i_M1         1.229553e+55    5.492213e+51    4.466836e-04    4.466836e-04    1.000000e+00    9.544372e+51    7.762471e-04    7.762471e-04    1.000000e+00    2.237419e+51    1.819701e-04    1.819701e-04    1.000000e+00   
pn_100K_i_M2         1.125642e+55    5.902965e+51    5.244085e-04    4.466836e-04    1.174004e+00    1.047263e+52    9.303691e-04    7.762471e-04    1.198548e+00    2.415935e+51    2.146272e-04    1.819701e-04    1.179464e+00   
pn_100K_i_M3         1.047662e+55    6.402611e+51    6.111332e-04    4.466836e-04    1.368157e+00    1.133032e+52    1.081487e-03    7.762471e-04    1.393225e+00    2.611843e+51    2.493020e-04    1.819701e-04    1.370016e+00   
pn_100K_i_M5         9.387949e+54    7.268979e+51    7.742883e-04    4.466836e-04    1.733416e+00    1.289179e+52    1.373228e-03    7.762471e-04    1.769060e+00    2.969948e+51    3.163575e-04    1.819701e-04    1.738514e+00   
pn_100K_i_M10        7.334630e+54    8.968520e+51    1.222764e-03    4.466836e-04    2.737427e+00    1.591565e+52    2.169932e-03    7.943282e-04    2.731783e+00    3.670409e+51    5.004218e-04    1.819701e-04    2.750023e+00   
pn_100K_i_M20        4.879574e+54    9.948555e+51    2.038816e-03    4.466836e-04    4.564342e+00    1.760802e+52    3.608515e-03    7.762471e-04    4.648668e+00    4.069695e+51    8.340268e-04    1.819701e-04    4.583318e+00   
pn_100K_i_M30        3.189503e+54    9.111134e+51    2.856600e-03    4.466836e-04    6.395130e+00    1.614316e+52    5.061339e-03    7.762471e-04    6.520267e+00    3.732745e+51    1.170322e-03    1.819701e-04    6.431396e+00   
pn_100K_i_M100       6.578241e+53    5.812774e+51    8.836364e-03    4.466836e-04    1.978216e+01    1.030283e+52    1.566199e-02    7.762471e-04    2.017655e+01    2.380588e+51    3.618882e-03    1.819701e-04    1.988723e+01   
pn_110K_i_M1         2.138621e+55    9.552869e+51    4.466836e-04    4.466836e-04    1.000000e+00    1.698767e+52    7.943282e-04    7.943282e-04    1.000000e+00    3.891650e+51    1.819701e-04    1.819701e-04    1.000000e+00   
pn_110K_i_M2         1.521940e+55    8.103857e+51    5.324691e-04    4.466836e-04    1.192050e+00    1.438454e+52    9.451454e-04    7.943282e-04    1.189868e+00    3.312133e+51    2.176258e-04    1.819701e-04    1.195943e+00   
pn_110K_i_M3         1.447018e+55    8.465927e+51    5.850604e-04    4.466836e-04    1.309787e+00    1.501636e+52    1.037745e-03    7.943282e-04    1.306444e+00    3.460253e+51    2.391300e-04    1.862087e-04    1.284204e+00   
pn_110K_i_M5         1.283650e+55    9.499603e+51    7.400464e-04    4.466836e-04    1.656758e+00    1.686164e+52    1.313570e-03    7.943282e-04    1.653687e+00    3.887740e+51    3.028662e-04    1.862087e-04    1.626488e+00   
pn_110K_i_M10        1.019425e+55    1.256371e+52    1.232431e-03    4.466836e-04    2.759070e+00    2.225105e+52    2.182706e-03    7.943282e-04    2.747864e+00    5.147408e+51    5.049325e-04    1.819701e-04    2.774810e+00   
pn_110K_i_M20        6.717611e+54    1.323368e+52    1.969998e-03    4.466836e-04    4.410275e+00    2.345855e+52    3.492097e-03    7.943282e-04    4.396290e+00    5.419915e+51    8.068218e-04    1.819701e-04    4.433816e+00   
pn_110K_i_M30        4.340322e+54    1.250151e+52    2.880319e-03    4.466836e-04    6.448232e+00    2.216434e+52    5.106612e-03    7.943282e-04    6.428844e+00    5.119161e+51    1.179443e-03    1.819701e-04    6.481520e+00   
pn_110K_i_M100       8.708942e+53    7.787026e+51    8.941414e-03    4.466836e-04    2.001733e+01    1.381985e+52    1.586858e-02    7.943282e-04    1.997735e+01    3.187334e+51    3.659841e-03    1.819701e-04    2.011232e+01   
