Teff_kK	M	Te(K)	ne(cm^-3)	O++/H+_CEL	12+log(O++)_CEL	O++/H+_RL	12+log(O++)_RL	ADF_O	C++/H+_CEL	12+log(C++)_CEL	C++/H+_RL	12+log(C++)_RL	ADF_C	N++/H+_CEL	12+log(N++)_CEL	N++/H+_RL	12+log(N++)_RL	ADF_N
50	M1	9852.964392	12652.5	3.491061e-04	8.542957	4.222128e-04	8.625531	1.209411	5.089590e-04	8.706683	7.316862e-04	8.864325	1.437613	1.262457e-04	8.101217	9.192497e-05	7.963433	0.728143
50	M2	8819.007521	12690.8	5.147770e-04	8.711619	6.568746e-04	8.817482	1.276037	8.228132e-04	8.915301	1.154632e-03	9.062443	1.403273	2.012690e-04	8.303777	1.590122e-04	8.201430	0.790048
50	M3	8315.376427	13080.1	6.183892e-04	8.791262	8.677686e-04	8.938404	1.403272	1.086949e-03	9.036209	1.567063e-03	9.195087	1.441708	2.654469e-04	8.423978	2.263227e-04	8.354728	0.852610
50	M5	7618.635870	13440.6	7.840845e-04	8.894363	1.324700e-03	9.122118	1.689487	1.643532e-03	9.215778	2.471096e-03	9.392890	1.503528	3.970487e-04	8.598844	3.217959e-04	8.507580	0.810470
50	M10	6664.080134	14042.5	9.475689e-04	8.976611	2.426582e-03	9.384995	2.560850	3.000841e-03	9.477243	4.738571e-03	9.675647	1.579081	6.947263e-04	8.841814	5.378777e-04	8.730684	0.774230
50	M20	5179.202967	15328.3	6.578050e-04	8.818097	3.504861e-03	9.544671	5.328116	4.768632e-03	9.678394	8.831282e-03	9.946024	1.851953	7.713586e-04	8.887256	9.643405e-04	8.984230	1.250185
50	M30	6814.033467	16406.5	2.199147e-05	7.342254	3.732983e-03	9.572056	169.746842	6.002983e-06	6.778367	1.239993e-02	10.093419	2065.627440	nan	nan	1.218100e-03	9.085683	nan
60	M1	10418.3	9625.762793	3.751381e-04	8.574191	4.493705e-04	8.652605	1.197880	4.932771e-04	8.693091	7.103420e-04	8.851467	1.440046	1.227188e-04	8.088911	9.119799e-05	7.959985	0.743146
60	M2	9319.221589	9787.043604	5.529177e-04	8.742661	6.908337e-04	8.839374	1.249433	7.895921e-04	8.897403	1.139456e-03	9.056698	1.443094	1.967444e-04	8.293902	1.318068e-04	8.119938	0.669939
60	M3	8708.764322	9625.762793	6.838625e-04	8.834969	9.395170e-04	8.972905	1.373839	1.057834e-03	9.024418	1.590084e-03	9.201420	1.503150	2.640378e-04	8.421666	1.854911e-04	8.268323	0.702517
60	M5	7968.221734	9891.080978	8.692401e-04	8.939140	1.439774e-03	9.158294	1.656360	1.541319e-03	9.187893	2.535483e-03	9.404061	1.645009	3.834570e-04	8.583717	2.935561e-04	8.467691	0.765552
60	M10	7161.642652	10133.1	9.591209e-04	8.981873	2.656035e-03	9.424234	2.769239	2.216272e-03	9.345623	4.930690e-03	9.692908	2.224768	5.342791e-04	8.727768	5.500512e-04	8.740403	1.029520
60	M20	6118.451457	11094.4	6.922340e-04	8.840253	4.917092e-03	9.691708	7.103223	3.054640e-03	9.484960	9.849756e-03	9.993425	3.224523	6.900189e-04	8.838861	1.009855e-03	9.004259	1.463518
60	M30	6475.803654	12313.1	5.492541e-05	7.739773	6.258587e-03	9.796476	113.947010	3.247306e-05	7.511523	1.500933e-02	10.176361	462.208759	nan	nan	1.425571e-03	9.153989	nan
70	M1	10729.2	8011.744485	3.832912e-04	8.583529	4.457700e-04	8.649111	1.163006	4.735524e-04	8.675368	6.653550e-04	8.823053	1.405029	1.166852e-04	8.067016	7.781222e-05	7.891048	0.666856
70	M2	9602.163593	8121.409164	5.651206e-04	8.752141	6.939771e-04	8.841345	1.228016	7.650448e-04	8.883687	1.080069e-03	9.033452	1.411773	1.909011e-04	8.280808	1.182760e-04	8.072897	0.619567
70	M3	9077.466528	8121.409164	6.671893e-04	8.824249	9.174530e-04	8.962584	1.375101	9.823350e-04	8.992260	1.471961e-03	9.167896	1.498431	2.493574e-04	8.396822	1.583874e-04	8.199721	0.635183
70	M5	8353.536489	8121.409164	8.239504e-04	8.915901	1.394115e-03	9.144299	1.691990	1.384159e-03	9.141186	2.382270e-03	9.376991	1.721096	3.554307e-04	8.550755	2.390834e-04	8.378549	0.672658
70	M10	7369.398456	8257.484349	9.560053e-04	8.980460	2.726071e-03	9.435537	2.851523	2.057847e-03	9.313413	4.953690e-03	9.694929	2.407220	5.060770e-04	8.704217	5.224056e-04	8.718008	1.032265
70	M20	6512.132951	8601.232012	6.131370e-04	8.787558	5.242610e-03	9.719548	8.550470	1.909861e-03	9.281002	1.027610e-02	10.011828	5.380549	4.063267e-04	8.608875	1.006384e-03	9.002764	2.476786
70	M30	6197.695644	10334	1.443098e-04	8.159296	7.341549e-03	9.865788	50.873521	3.386365e-04	8.529734	1.587558e-02	10.200730	46.880891	5.252828e-05	7.720393	1.453237e-03	9.162337	27.665813
80	M1	10993	6523.888649	3.876696e-04	8.588462	4.346567e-04	8.638146	1.121204	4.431282e-04	8.646529	6.192350e-04	8.791855	1.397417	1.072701e-04	8.030479	5.544906e-05	7.743894	0.516911
80	M2	9920.633907	6523.888649	5.557775e-04	8.744901	6.728734e-04	8.827933	1.210689	7.045828e-04	8.847932	9.632061e-04	8.983719	1.367059	1.744673e-04	8.241714	1.048349e-04	8.020506	0.600886
80	M3	9176.733024	6523.888649	7.118314e-04	8.852377	9.342890e-04	8.970481	1.312514	9.914145e-04	8.996255	1.408748e-03	9.148833	1.420948	2.484823e-04	8.395296	1.449574e-04	8.161240	0.583371
80	M5	8498.236162	6613.187573	8.531882e-04	8.931045	1.407573e-03	9.148471	1.649780	1.370407e-03	9.136849	2.268919e-03	9.355819	1.655654	3.507005e-04	8.544936	2.253126e-04	8.352786	0.642465
80	M10	7638.901871	6683.486500	9.038041e-04	8.956074	2.698976e-03	9.431199	2.986240	1.823947e-03	9.261012	4.791062e-03	9.680432	2.626756	4.556410e-04	8.658623	4.543261e-04	8.657368	0.997114
80	M20	6906.980083	6816.030264	5.078705e-04	8.705753	5.369538e-03	9.729937	10.572652	1.330150e-03	9.123901	1.046385e-02	10.019692	7.866672	2.693785e-04	8.430363	9.899290e-04	8.995604	3.674862
80	M30	6553.272682	7564.806413	1.982696e-04	8.297256	7.882392e-03	9.896658	39.755930	5.394428e-04	8.731945	1.649970e-02	10.217476	30.586556	9.979092e-05	7.999091	1.460734e-03	9.164571	14.637947
90	M1	11388.5	5583.867363	3.763509e-04	8.575593	4.156649e-04	8.618743	1.104461	4.121981e-04	8.615106	5.739108e-04	8.758844	1.392318	9.802668e-05	7.991344	6.096489e-05	7.785080	0.621921
90	M2	10245	5533.486987	5.520432e-04	8.741973	6.518698e-04	8.814161	1.180831	6.654899e-04	8.823141	9.016016e-04	8.955015	1.354794	1.617125e-04	8.208744	9.816484e-05	7.991956	0.607033
90	M3	9459.634785	5550.229736	7.133486e-04	8.853302	9.033657e-04	8.955864	1.266373	9.405898e-04	8.973400	1.323191e-03	9.121622	1.406767	2.320787e-04	8.365635	1.314366e-04	8.118716	0.566345
90	M5	8649.766567	5567.023143	8.936354e-04	8.951160	1.392290e-03	9.143730	1.558007	1.350149e-03	9.130382	2.173981e-03	9.337256	1.610179	3.396097e-04	8.530980	2.116354e-04	8.325588	0.623173
90	M10	7809.569912	5643.224501	9.158146e-04	8.961808	2.646486e-03	9.422670	2.889762	1.692895e-03	9.228630	4.681149e-03	9.670352	2.765173	4.191006e-04	8.622318	4.265059e-04	8.629925	1.017670
90	M20	7519.166921	5720.468902	3.947405e-04	8.596312	5.319890e-03	9.725903	13.476929	7.695259e-04	8.886223	1.063323e-02	10.026665	13.817901	1.527111e-04	8.183871	9.090537e-04	8.958590	5.952768
90	M30	7670.960163	6076.772355	1.286192e-04	8.109306	8.125226e-03	9.909835	63.172712	1.574615e-04	8.197174	1.747144e-02	10.242329	110.956913	2.435637e-05	7.386612	1.401925e-03	9.146725	57.558880
100	M1	11644.3	4675.748707	3.368861e-04	8.527483	3.739487e-04	8.572812	1.110015	3.870125e-04	8.587725	5.365161e-04	8.729583	1.386302	9.172926e-05	7.962508	7.110722e-05	7.851914	0.775186
100	M2	10508.3	4619.584279	4.965282e-04	8.695944	5.690410e-04	8.755144	1.146040	6.056831e-04	8.782245	8.377092e-04	8.923093	1.383082	1.452483e-04	8.162111	8.398469e-05	7.924200	0.578215
100	M3	9755.677882	4619.584279	6.316341e-04	8.800466	7.801495e-04	8.892178	1.235129	8.220371e-04	8.914891	1.198609e-03	9.078677	1.458095	1.991171e-04	8.299108	1.180038e-04	8.071896	0.592635
100	M5	8880.130935	4647.581653	7.970498e-04	8.901485	1.240669e-03	9.093656	1.556576	1.149196e-03	9.060394	2.016695e-03	9.304640	1.754875	2.825933e-04	8.451162	1.978964e-04	8.296438	0.700287
100	M10	8079.941744	4696.985968	7.532346e-04	8.876930	2.455161e-03	9.390080	3.259490	1.209013e-03	9.082431	4.544477e-03	9.657484	3.758832	2.886285e-04	8.460339	3.984876e-04	8.600415	1.380625
100	M20	8181.201933	4870.393664	2.496215e-04	8.397282	5.117118e-03	9.709025	20.499508	3.103698e-04	8.491879	1.091012e-02	10.037830	35.152014	5.393058e-05	7.731835	8.760233e-04	8.942516	16.243534
100	M30	9185.054069	5240.608157	5.937016e-05	7.773568	7.863936e-03	9.895640	132.456025	2.955411e-05	7.470618	1.846146e-02	10.266266	624.666531	3.514741e-06	6.545893	1.343079e-03	9.128102	382.127543
110	M1	11691.8	4050.680450	3.465895e-04	8.539815	3.790695e-04	8.578719	1.093713	3.748861e-04	8.573899	5.269248e-04	8.721749	1.405560	8.799625e-05	7.944464	5.362291e-05	7.729350	0.609377
110	M2	10498.8	4008.074171	5.178881e-04	8.714236	5.886970e-04	8.769892	1.136726	6.052308e-04	8.781921	8.179548e-04	8.912729	1.351476	1.443864e-04	8.159526	7.755137e-05	7.889589	0.537110
110	M3	9861.282200	3971.911370	6.275009e-04	8.797614	7.752080e-04	8.889418	1.235390	7.923984e-04	8.898944	1.124697e-03	9.051035	1.419358	1.923520e-04	8.284097	9.881736e-05	7.994833	0.513732
110	M5	8991.489582	3959.929755	7.813388e-04	8.892839	1.232725e-03	9.090866	1.577709	1.121619e-03	9.049845	1.909028e-03	9.280812	1.702030	2.791535e-04	8.445843	1.712833e-04	8.233715	0.613581
110	M10	8046.174246	4050.680450	7.684769e-04	8.885631	2.511078e-03	9.399860	3.267604	1.263918e-03	9.101719	4.512047e-03	9.654374	3.569889	3.007227e-04	8.478166	3.850573e-04	8.585525	1.280440
110	M20	8240.351043	4232.071089	2.468125e-04	8.392367	5.163945e-03	9.712982	20.922547	3.484412e-04	8.542129	1.088607e-02	10.036871	31.242196	6.378833e-05	7.804741	8.485040e-04	8.928654	13.301869
110	M30	8942.306787	4434.962902	6.552911e-05	7.816434	8.032383e-03	9.904844	122.577323	4.038991e-05	7.606273	1.861778e-02	10.269928	460.951406	4.917966e-06	6.691785	1.344797e-03	9.128657	273.445868
