Teff_kK	M	Te(K)	ne(cm^-3)	O++/H+_CEL	12+log(O++)_CEL	O++/H+_RL	12+log(O++)_RL	ADF_O	C++/H+_CEL	12+log(C++)_CEL	C++/H+_RL	12+log(C++)_RL	ADF_C	N++/H+_CEL	12+log(N++)_CEL	N++/H+_RL	12+log(N++)_RL	ADF_N
50	M1	9852.964392	12652.5	3.491061e-04	8.542957	4.222128e-04	8.625531	1.209411	5.089590e-04	8.706683	7.316862e-04	8.864325	1.437613	1.262457e-04	8.101217	9.192497e-05	7.963433	0.728143
50	M2	9024.146263	12864.5	5.132887e-04	8.710362	6.403622e-04	8.806426	1.247567	8.094771e-04	8.908205	1.132252e-03	9.053943	1.398745	1.971038e-04	8.294695	1.587385e-04	8.200682	0.805355
50	M3	8478.074718	13040.6	6.756982e-04	8.829753	8.670587e-04	8.938048	1.283204	1.155710e-03	9.062849	1.564005e-03	9.194238	1.353284	2.766853e-04	8.441986	2.259790e-04	8.354068	0.816737
50	M5	7762.726661	12864.5	1.000032e-03	9.000014	1.335785e-03	9.125737	1.335742	1.944973e-03	9.288914	2.460988e-03	9.391110	1.265307	4.467553e-04	8.650070	3.212480e-04	8.506840	0.719069
50	M10	6808.711532	13440.6	1.799459e-03	9.255142	2.414352e-03	9.382801	1.341710	4.430600e-03	9.646463	4.627693e-03	9.665365	1.044485	9.134852e-04	8.960701	5.778955e-04	8.761849	0.632627
50	M20	5953.399833	14042.5	3.366978e-03	9.527240	4.358092e-03	9.639296	1.294363	9.074099e-03	9.957804	8.809951e-03	9.944973	0.970890	1.566701e-03	9.194986	1.047134e-03	9.020002	0.668368
50	M30	5628.964009	14671.3	4.479879e-03	9.651266	6.078074e-03	9.783766	1.356750	9.695162e-03	9.986555	1.292632e-02	10.111475	1.333276	1.987630e-03	9.298335	1.493628e-03	9.174243	0.751462
60	M1	10418.3	9625.762793	3.751381e-04	8.574191	4.493705e-04	8.652605	1.197880	4.932771e-04	8.693091	7.103420e-04	8.851467	1.440046	1.227188e-04	8.088911	9.119799e-05	7.959985	0.743146
60	M2	9511.216995	9698.740120	5.578734e-04	8.746536	6.741182e-04	8.828736	1.208371	7.842433e-04	8.894451	1.116210e-03	9.047746	1.423295	1.941987e-04	8.288246	1.315901e-04	8.119223	0.677605
60	M3	8975.205585	9625.762793	7.192237e-04	8.856864	9.073597e-04	8.957779	1.261582	1.076082e-03	9.031845	1.534644e-03	9.186008	1.426141	2.645276e-04	8.422471	1.850602e-04	8.267313	0.699588
60	M5	8232.885836	9891.080978	1.050679e-03	9.021470	1.410957e-03	9.149514	1.342900	1.741092e-03	9.240822	2.413102e-03	9.382576	1.385971	4.153552e-04	8.618420	3.061048e-04	8.485870	0.736971
60	M10	7171.721840	9996.224281	1.927931e-03	9.285091	2.631384e-03	9.420184	1.364875	3.842963e-03	9.584666	4.671640e-03	9.669469	1.215635	8.267935e-04	8.917397	5.634290e-04	8.750839	0.681463
60	M20	6193.726106	10056.8	3.751201e-03	9.574170	5.000312e-03	9.698997	1.332990	8.359988e-03	9.922206	9.097290e-03	9.958912	1.088194	1.510182e-03	9.179029	1.022566e-03	9.009691	0.677114
60	M30	5778.877042	10163.7	5.219311e-03	9.717613	7.266440e-03	9.861322	1.392222	9.912249e-03	9.996172	1.361156e-02	10.133908	1.373206	1.840192e-03	9.264863	1.503422e-03	9.177081	0.816992
70	M1	10729.2	8011.744485	3.832884e-04	8.583526	4.457700e-04	8.649111	1.163015	4.735524e-04	8.675368	6.653550e-04	8.823053	1.405029	1.166852e-04	8.067016	7.781222e-05	7.891048	0.666856
70	M2	9840.039524	7927.474539	5.604121e-04	8.748508	6.690497e-04	8.825458	1.193853	7.434388e-04	8.871245	1.047988e-03	9.020356	1.409649	1.846418e-04	8.266330	1.180508e-04	8.072069	0.639350
70	M3	9222.592239	8011.744485	7.412739e-04	8.869979	9.170747e-04	8.962405	1.237160	1.044439e-03	9.018883	1.467721e-03	9.166643	1.405271	2.582831e-04	8.412096	1.581885e-04	8.199175	0.612462
70	M5	8387.283148	8121.409164	1.116979e-03	9.048045	1.449026e-03	9.161076	1.297273	1.727538e-03	9.237428	2.374954e-03	9.375655	1.374762	4.170388e-04	8.620176	2.522881e-04	8.401897	0.604951
70	M10	7309.872770	8121.409164	2.024509e-03	9.306320	2.708475e-03	9.432725	1.337843	3.700278e-03	9.568234	4.627352e-03	9.665333	1.250542	8.129215e-04	8.910049	5.223289e-04	8.717944	0.642533
70	M20	6340.026989	8207.740657	3.789716e-03	9.578607	5.123864e-03	9.709598	1.352044	7.933489e-03	9.899464	9.011487e-03	9.954796	1.135879	1.485973e-03	9.172011	9.797542e-04	8.991117	0.659335
70	M30	5875.304959	8121.409164	5.352644e-03	9.728568	7.588085e-03	9.880132	1.417633	9.512613e-03	9.978300	1.369432e-02	10.136540	1.439596	1.835213e-03	9.263686	1.439266e-03	9.158141	0.784250
80	M1	10993	6523.888649	3.876696e-04	8.588462	4.346567e-04	8.638146	1.121204	4.431282e-04	8.646529	6.192350e-04	8.791855	1.397417	1.072701e-04	8.030479	5.544906e-05	7.743894	0.516911
80	M2	10065.1	6523.888649	5.716842e-04	8.757156	6.722246e-04	8.827514	1.175867	7.082782e-04	8.850204	9.663210e-04	8.985121	1.364324	1.734059e-04	8.239064	1.177692e-04	8.071032	0.679153
80	M3	9454.905661	6523.888649	7.469240e-04	8.873276	9.094796e-04	8.958793	1.217633	9.892690e-04	8.995314	1.351806e-03	9.130914	1.366470	2.432138e-04	8.385988	1.446370e-04	8.160279	0.594691
80	M5	8641.930457	6573.349245	1.092842e-03	9.038557	1.414065e-03	9.150469	1.293933	1.597788e-03	9.203519	2.183566e-03	9.339166	1.366619	3.861871e-04	8.586798	2.250277e-04	8.352236	0.582691
80	M10	7458.431493	6633.197187	2.031053e-03	9.307721	2.701873e-03	9.431665	1.330282	3.486178e-03	9.542350	4.414714e-03	9.644903	1.266348	7.706661e-04	8.886866	4.817061e-04	8.682782	0.625052
80	M20	6437.362946	6633.197187	3.760724e-03	9.575271	5.167556e-03	9.713285	1.374085	7.305480e-03	9.863649	8.787672e-03	9.943874	1.202888	1.338716e-03	9.126688	9.239400e-04	8.965644	0.690169
80	M30	5950.237602	6523.888649	5.228213e-03	9.718353	7.705662e-03	9.886810	1.473862	8.610702e-03	9.935039	1.349218e-02	10.130082	1.566909	1.529592e-03	9.184576	1.395357e-03	9.144685	0.912242
90	M1	11388.5	5583.867363	3.763509e-04	8.575593	4.156649e-04	8.618743	1.104461	4.121981e-04	8.615106	5.739108e-04	8.758844	1.392318	9.802668e-05	7.991344	6.096489e-05	7.785080	0.621921
90	M2	10427.7	5550.229736	5.545314e-04	8.743926	6.434497e-04	8.808515	1.160348	6.564546e-04	8.817205	8.949846e-04	8.951816	1.363361	1.581517e-04	8.199074	9.793183e-05	7.990924	0.619227
90	M3	9751.257885	5516.794744	7.357277e-04	8.866717	8.711407e-04	8.940088	1.184053	9.260568e-04	8.966638	1.265821e-03	9.102372	1.366894	2.237867e-04	8.349834	1.180474e-04	8.072056	0.527500
90	M5	8888.183035	5550.229736	1.072354e-03	9.030338	1.332530e-03	9.124677	1.242621	1.479033e-03	9.169978	2.064699e-03	9.314857	1.395979	3.531877e-04	8.548006	2.112174e-04	8.324730	0.598031
90	M10	7691.846124	5609.229302	1.891694e-03	9.276851	2.570981e-03	9.410099	1.359089	2.989630e-03	9.475617	4.212163e-03	9.624505	1.408924	6.524058e-04	8.814518	4.136468e-04	8.616630	0.634033
90	M20	6664.080134	5609.229302	3.182729e-03	9.502800	5.004618e-03	9.699371	1.572430	5.112824e-03	9.708661	8.644707e-03	9.936750	1.690789	9.040122e-04	8.956174	8.551444e-04	8.932039	0.945943
90	M30	6317.083629	5609.229302	3.632677e-03	9.560227	7.439621e-03	9.871551	2.047972	4.237814e-03	9.627142	1.335686e-02	10.125705	3.151829	6.274516e-04	8.797580	1.297438e-03	9.113086	2.067789
100	M1	11644.3	4675.748707	3.368861e-04	8.527483	3.739487e-04	8.572812	1.110015	3.870125e-04	8.587725	5.365161e-04	8.729583	1.386302	9.172926e-05	7.962508	7.110722e-05	7.851914	0.775186
100	M2	10705.4	4633.561820	4.912634e-04	8.691314	5.529867e-04	8.742715	1.125642	5.968022e-04	8.775830	8.309953e-04	8.919599	1.392413	1.422100e-04	8.152930	6.980767e-05	7.843903	0.490877
100	M3	10037.1	4633.561820	6.447523e-04	8.809393	7.638542e-04	8.883010	1.184725	8.224285e-04	8.915098	1.168202e-03	9.067518	1.420430	1.957736e-04	8.291754	1.177474e-04	8.070951	0.601447
100	M5	9131.101843	4619.584279	9.351558e-04	8.970884	1.177049e-03	9.070795	1.258666	1.277209e-03	9.106262	1.925515e-03	9.284547	1.507596	2.979145e-04	8.474092	1.843553e-04	8.265656	0.618820
100	M10	7993.913429	4696.985968	1.500838e-03	9.176334	2.235428e-03	9.349361	1.489453	2.208259e-03	9.344050	3.947553e-03	9.596328	1.787631	4.701376e-04	8.672225	3.589197e-04	8.554997	0.763435
100	M20	7193.721182	4775.684532	1.917740e-03	9.282790	4.410730e-03	9.644510	2.299963	2.236767e-03	9.349621	8.365099e-03	9.922471	3.739816	3.610077e-04	8.557516	8.011093e-04	8.903692	2.219092
100	M30	7197.769207	4907.318354	1.517389e-03	9.181097	6.704815e-03	9.826387	4.418653	8.860558e-04	8.947461	1.330407e-02	10.123984	15.014929	1.130411e-04	8.053237	1.201854e-03	9.079852	10.632008
110	M1	11691.8	4050.680450	3.465895e-04	8.539815	3.790695e-04	8.578719	1.093713	3.748861e-04	8.573899	5.269248e-04	8.721749	1.405560	8.799625e-05	7.944464	5.362291e-05	7.729350	0.609377
110	M2	10637.7	4008.074171	5.266430e-04	8.721516	5.881009e-04	8.769452	1.116697	6.082822e-04	8.784105	8.298262e-04	8.918987	1.364213	1.438172e-04	8.157811	7.741783e-05	7.888841	0.538307
110	M3	9988.299910	3995.983468	6.842986e-04	8.835246	7.979939e-04	8.902000	1.166149	8.356260e-04	8.922012	1.157208e-03	9.063412	1.384840	1.978462e-04	8.296328	9.873219e-05	7.994459	0.499035
110	M5	9131.101843	3995.983468	9.677335e-04	8.985756	1.201600e-03	9.079760	1.241664	1.282289e-03	9.107986	1.859181e-03	9.269322	1.449892	2.994797e-04	8.476367	1.842869e-04	8.265495	0.615357
110	M10	7921.788441	4026.278853	1.596920e-03	9.203283	2.307430e-03	9.363128	1.444925	2.315600e-03	9.364663	3.903046e-03	9.591404	1.685545	4.897265e-04	8.689954	3.588946e-04	8.554967	0.732847
110	M20	7023.768275	4062.936651	2.125431e-03	9.327447	4.562931e-03	9.659244	2.146826	2.495630e-03	9.397180	8.357532e-03	9.922078	3.348866	3.971177e-04	8.598919	7.868735e-04	8.895905	1.981462
110	M30	7011.047911	4162.330738	1.645638e-03	9.216334	6.901634e-03	9.838952	4.193896	9.471061e-04	8.976399	1.330237e-02	10.123929	14.045283	1.121688e-04	8.049872	1.200470e-03	9.079351	10.702361
